==============================================================================================================
  RANKING | 2026-09-16 01:22:18
  Окно бэктеста: 30 дней | Всего комбинаций: 682
==============================================================================================================
  #    Symbol          K    SL    TP     Profit     PF      MDD   WinR  Sharpe  Recov   Score    Top
--------------------------------------------------------------------------------------------------------------
  1    USDCADrfd      21   700  1100   +3147.9  5.51  +534.4  75.0%   0.62   5.9  1.988  ▶ TOP
  2    USDCADrfd      21   700  1200   +3096.5  5.44  +534.4  75.0%   0.62   5.8  1.968       
  3    USDCADrfd      21   700   900   +3043.8  5.37  +534.4  75.0%   0.63   5.7  1.948       
  4    USDCADrfd      21   900  1100   +3026.9  4.70  +655.5  75.0%   0.56   4.6  1.880       
  5    USDCADrfd      21   700   700   +2834.4  5.07  +534.4  75.0%   0.64   5.3  1.868       
  6    USDCADrfd      21   900  1200   +2975.4  4.64  +655.5  75.0%   0.56   4.5  1.852       
  7    USDCADrfd      21   900   900   +2922.8  4.57  +655.5  75.0%   0.57   4.5  1.825       
  8    USDCADrfd      21  1100  1100   +2905.8  4.09  +776.5  75.0%   0.51   3.7  1.741       
  9    USDCADrfd      21  1100  1200   +2854.4  4.04  +776.5  75.0%   0.50   3.7  1.715       
  10   USDCADrfd      21   900   700   +2713.3  4.32  +655.5  75.0%   0.57   4.1  1.713       
  11   USDCADrfd      21  1100   900   +2801.7  3.98  +776.5  75.0%   0.51   3.6  1.689       
  12   USDCADrfd      21  1200  1100   +2845.3  3.85  +837.1  75.0%   0.48   3.4  1.681       
  13   USDCADrfd      21  1200  1200   +2793.8  3.79  +837.1  75.0%   0.48   3.3  1.655       
  14   USDCADrfd      21  1200   900   +2741.2  3.74  +837.1  75.0%   0.48   3.3  1.629       
  15   USDCADrfd      21  1100   700   +2592.3  3.76  +776.5  75.0%   0.50   3.3  1.582       
  16   USDCADrfd      21   500  1100   +2716.4  3.41  +966.0  71.4%   0.48   2.8  1.564       
  17   USDCHFrfd      28  1100   500   +2021.1  4.56  +275.8  71.4%   0.56   7.3  1.559  ▶ TOP
  18   USDCADrfd      21   700   500   +2260.0  4.24  +534.4  75.0%   0.60   4.2  1.548       
  19   USDCADrfd      21   500  1200   +2664.9  3.36  +966.0  71.4%   0.47   2.8  1.539       
  20   USDCADrfd      21  1200   700   +2531.8  3.53  +837.1  75.0%   0.47   3.0  1.524       
  21   USDCADrfd      21   500   900   +2612.3  3.31  +966.0  71.4%   0.48   2.7  1.514       
  22   USDCHFrfd      28  1100  1200   +1959.3  4.45  +275.8  69.2%   0.42   7.1  1.509       
  23   USDCADrfd      28   700  1100   +2439.8  3.17  +534.4  68.4%   0.45   4.6  1.467       
  24   USDCHFrfd      28  1100  1100   +1856.4  4.27  +275.8  69.2%   0.43   6.7  1.443       
  25   USDCADrfd      28   700  1200   +2367.7  3.11  +534.4  68.4%   0.45   4.4  1.430       
  26   USDCADrfd      21   500   700   +2402.9  3.13  +966.0  71.4%   0.48   2.5  1.413       
  27   USDCADrfd      21   900   500   +2139.0  3.61  +655.5  75.0%   0.52   3.3  1.404       
  28   USDCADrfd      28   700   900   +2306.6  3.05  +534.4  68.4%   0.45   4.3  1.400       
  29   USDCADrfd      28   700   700   +2232.2  2.98  +534.4  68.4%   0.45   4.2  1.363       
  30   USDCHFrfd      28  1100   900   +1650.6  3.91  +275.8  69.2%   0.44   6.0  1.312       
  31   USDCADrfd      21  1100   500   +2017.9  3.15  +776.5  75.0%   0.45   2.6  1.287       
  32   USDCADrfd      28   900  1100   +2197.7  2.61  +655.5  68.4%   0.37   3.4  1.283       
  33   USDCADrfd      28   900  1200   +2125.6  2.56  +655.5  68.4%   0.36   3.2  1.249       
  34   USDCADrfd      28  1200  1100   +2146.2  2.51  +825.0  72.2%   0.36   2.6  1.243       
  35   USDCHFrfd      28  1100   300   +1526.1  3.69  +275.8  71.4%   0.55   5.5  1.240       
  36   USDCADrfd      21  1200   500   +1957.4  2.96  +837.1  75.0%   0.41   2.3  1.235       
  37   USDCADrfd      28  1100  1100   +2113.5  2.39  +764.4  73.7%   0.33   2.8  1.221       
  38   USDCADrfd      28   900   900   +2064.5  2.51  +655.5  68.4%   0.36   3.1  1.220       
  39   USDCADrfd      28  1200  1200   +2074.2  2.46  +825.0  72.2%   0.35   2.5  1.210       
  40   USDCADrfd      28  1100  1200   +2041.5  2.35  +764.4  73.7%   0.32   2.7  1.188       
  41   USDCADrfd      28   900   700   +1990.1  2.46  +655.5  68.4%   0.36   3.0  1.185       
  42   USDCADrfd      28  1200   900   +2013.1  2.42  +825.0  72.2%   0.35   2.4  1.181       
  43   USDCHFrfd      28  1100   700   +1444.8  3.54  +275.8  69.2%   0.45   5.2  1.180       
  44   USDCADrfd      21   300  1200   +2174.1  2.16 +1004.7  59.3%   0.30   2.2  1.178       
  45   USDCADrfd      28  1100   900   +1980.4  2.31  +764.4  73.7%   0.32   2.6  1.160       
  46   USDCADrfd      28  1200   700   +1938.6  2.37  +825.0  72.2%   0.34   2.3  1.147       
  47   USDCADrfd      21   500   500   +1828.5  2.62  +966.0  71.4%   0.42   1.9  1.133       
  48   USDCADrfd      14   700   900   +1845.4  2.55  +534.4  54.5%   0.36   3.5  1.133       
  49   USDCADrfd      28  1100   700   +1905.9  2.26  +764.4  73.7%   0.32   2.5  1.125       
  50   USDCADrfd      14   700  1100   +1828.5  2.53  +534.4  54.5%   0.35   3.4  1.125       
  51   USDCADrfd      21   300  1100   +2053.0  2.09 +1004.7  59.3%   0.29   2.0  1.125       
  52   USDCADrfd      28   700   500   +1672.3  2.49  +534.4  68.4%   0.39   3.1  1.081       
  53   USDCADrfd      21   300   900   +1948.9  2.04 +1004.7  59.3%   0.29   1.9  1.079       
  54   EURUSDrfd      28  1100   300   +1322.1  3.22  +396.0  80.0%   0.50   3.3  1.077  ▶ TOP
  55   EURUSDrfd      28  1100  1200   +1340.7  3.25  +396.0  76.9%   0.34   3.4  1.076       
  56   USDCADrfd      14   700  1200   +1716.5  2.44  +534.4  54.5%   0.35   3.2  1.069       
  57   USDCADrfd      28   300  1200   +1919.3  2.02 +1004.7  56.0%   0.28   1.9  1.061       
  58   USDCADrfd      28   500  1100   +1848.4  2.04  +966.0  61.9%   0.30   1.9  1.048       
  59   USDCADrfd      14   900   900   +1724.4  2.31  +655.5  54.5%   0.32   2.6  1.043       
  60   USDCADrfd      14   900  1100   +1707.4  2.30  +655.5  54.5%   0.31   2.6  1.035       
  61   USDCADrfd      28   500   900   +1806.7  2.02  +966.0  61.9%   0.30   1.9  1.030       
  62   EURUSDrfd      28  1100  1100   +1256.4  3.11  +396.0  76.9%   0.34   3.2  1.025       
  63   USDCADrfd      14   700   700   +1620.3  2.36  +534.4  54.5%   0.34   3.0  1.021       
  64   USDCADrfd      21   700   300   +1341.8  2.92  +534.4  75.0%   0.45   2.5  1.020       
  65   USDCADrfd      28   500  1200   +1776.4  2.00  +966.0  61.9%   0.29   1.8  1.016       
  66   USDCADrfd      28   300  1100   +1798.2  1.96 +1004.7  56.0%   0.27   1.8  1.008       
  67   USDCADrfd      28   300   900   +1756.4  1.94 +1004.7  56.0%   0.27   1.7  0.989       
  68   USDCADrfd      14   900  1200   +1595.4  2.22  +655.5  54.5%   0.30   2.4  0.981       
  69   USDCADrfd      21   300   700   +1708.6  1.91 +1004.7  59.3%   0.28   1.7  0.973       
  70   USDCADrfd      14  1100   900   +1603.3  2.12  +776.5  54.5%   0.28   2.1  0.963       
  71   USDCADrfd      14  1100  1100   +1586.4  2.11  +776.5  54.5%   0.27   2.0  0.955       
  72   USDCADrfd      14   900   700   +1499.2  2.14  +655.5  54.5%   0.30   2.3  0.935       
  73   USDCADrfd      28   500   700   +1587.6  1.90  +966.0  61.9%   0.28   1.6  0.933       
  74   USDCADrfd      14  1200   900   +1542.8  2.03  +837.1  54.5%   0.26   1.8  0.926       
  75   EURUSDrfd      28  1100   900   +1087.9  2.83  +396.0  76.9%   0.34   2.7  0.921       
  76   USDCADrfd      14  1200  1100   +1525.8  2.02  +837.1  54.5%   0.25   1.8  0.918       
  77   USDCADrfd      28   900   500   +1430.2  2.05  +655.5  68.4%   0.29   2.2  0.917       
  78   USDCADrfd      21   900   300   +1220.8  2.49  +655.5  75.0%   0.36   1.9  0.906       
  79   USDCADrfd      14  1100  1200   +1474.4  2.03  +776.5  54.5%   0.26   1.9  0.903       
  80   USDCADrfd      14   700   500   +1376.3  2.15  +534.4  54.5%   0.32   2.6  0.900       
  81   USDCADrfd      28   300   700   +1537.3  1.82 +1004.7  56.0%   0.26   1.5  0.893       
  82   USDCADrfd      28  1200   500   +1378.8  1.97  +825.0  72.2%   0.27   1.7  0.884       
  83   USDCADrfd      14  1200  1200   +1413.9  1.95  +837.1  54.5%   0.24   1.7  0.866       
  84   USDCADrfd      28  1100   500   +1346.1  1.89  +764.4  73.7%   0.25   1.8  0.865       
  85   USDCADrfd      14  1100   700   +1378.2  1.96  +776.5  54.5%   0.25   1.8  0.858       
  86   NZDUSDrfd      14   500   500   +1291.8  1.87  +443.2  66.7%   0.22   2.9  0.855  ▶ TOP
  87   EURUSDrfd      28  1100   500    +966.5  2.62  +396.0  78.6%   0.36   2.4  0.851       
  88   NZDUSDrfd      28  1200   500   +1017.9  2.43  +345.5  69.2%   0.35   2.9  0.840       
  89   USDCADrfd      14  1200   700   +1317.6  1.88  +837.1  54.5%   0.23   1.6  0.821       
  90   EURUSDrfd      28  1100   700    +919.3  2.55  +396.0  76.9%   0.33   2.3  0.818       
  91   USDCADrfd      14   900   500   +1255.3  1.96  +655.5  54.5%   0.27   1.9  0.817       
  92   USDCADrfd      14   500   900   +1373.9  1.67  +839.5  53.8%   0.21   1.6  0.814       
  93   USDCHFrfd      28   700   500   +1287.4  1.72  +776.9  68.8%   0.21   1.7  0.812       
  94   USDCADrfd      21  1100   300   +1099.7  2.17  +776.5  75.0%   0.28   1.4  0.811       
  95   NZDUSDrfd      14   700   500   +1173.8  1.97  +611.8  69.2%   0.22   1.9  0.810       
  96   USDCADrfd      14   500  1100   +1357.0  1.67  +839.5  53.8%   0.21   1.6  0.807       
  97   NZDUSDrfd      28  1200   700    +955.6  2.34  +385.9  69.2%   0.33   2.5  0.797       
  98   USDCADrfd      14   500   700   +1303.7  1.64  +839.5  53.8%   0.21   1.6  0.783       
  99   AUDUSDrfd      28   900   300    +800.5  2.49  +319.4  73.3%   0.34   2.5  0.769  ▶ TOP
  100  USDCADrfd      21  1200   300   +1039.2  2.04  +837.1  75.0%   0.25   1.2  0.769       
  101  NZDUSDrfd      28  1200   300    +901.6  2.26  +444.9  71.4%   0.35   2.0  0.764       
  102  USDCADrfd      14   500  1200   +1245.0  1.61  +839.5  53.8%   0.20   1.5  0.757       
  103  USDCHFrfd      28   700  1200   +1162.8  1.65  +776.9  66.7%   0.17   1.5  0.752       
  104  USDCADrfd      14  1100   500   +1134.2  1.79  +776.5  54.5%   0.22   1.5  0.743       
  105  USDCADrfd      21   300   500   +1134.2  1.60 +1004.7  59.3%   0.21   1.1  0.719       
  106  NZDUSDrfd      14   500   700    +997.7  1.67  +443.2  66.7%   0.19   2.3  0.712       
  107  USDCADrfd      14  1200   500   +1073.7  1.72  +837.1  54.5%   0.20   1.3  0.708       
  108  NZDUSDrfd      28  1200   900    +800.5  2.12  +385.9  69.2%   0.30   2.1  0.706       
  109  NZDUSDrfd      14   900   500   +1005.3  1.73  +780.3  69.2%   0.17   1.3  0.706       
  110  USDCHFrfd      28   700  1100   +1059.9  1.59  +776.9  66.7%   0.16   1.4  0.705       
  111  USDCADrfd      21   500   300    +910.3  1.81  +966.0  71.4%   0.26   0.9  0.683       
  112  USDCADrfd      28   500   500   +1027.7  1.58  +966.0  61.9%   0.21   1.1  0.682       
  113  NZDUSDrfd      14   700   700    +894.1  1.74  +611.8  69.2%   0.19   1.5  0.672       
  114  AUDUSDrfd      28   900   500    +650.5  2.21  +319.4  73.3%   0.28   2.0  0.669       
  115  USDCADrfd      28   300   500    +977.5  1.52 +1004.7  56.0%   0.19   1.0  0.645       
  116  NZDUSDrfd      14   700   300    +824.1  1.68  +611.8  69.2%   0.18   1.3  0.638       
  117  EURUSDrfd      21  1100  1200    +815.7  1.65  +608.4  73.3%   0.17   1.3  0.637       
  118  USDCADrfd      28   700   300    +789.9  1.70  +534.4  68.4%   0.22   1.5  0.632       
  119  USDCADrfd      14   500   500    +938.7  1.46  +839.5  53.8%   0.16   1.1  0.622       
  120  NZDUSDrfd      14  1100   500    +836.8  1.54  +948.8  69.2%   0.13   0.9  0.613       
  121  USDCHFrfd      28   700   900    +854.1  1.48  +776.9  66.7%   0.14   1.1  0.612       
  122  USDCHFrfd      28   900   500    +875.7  1.40  +982.8  68.8%   0.12   0.9  0.608       
  123  USDCADrfd      14   700   300    +773.5  1.65  +534.4  59.1%   0.21   1.4  0.605       
  124  NZDUSDrfd      14   500   300    +773.6  1.52  +443.2  66.7%   0.16   1.7  0.604       
  125  EURUSDrfd      21  1100  1100    +731.4  1.59  +608.4  73.3%   0.16   1.2  0.596       
  126  AUDUSDrfd      28   900   700    +527.5  1.98  +319.4  73.3%   0.25   1.7  0.588       
  127  NZDUSDrfd      14   300   500    +809.8  1.37  +769.3  62.5%   0.12   1.1  0.575       
  128  NZDUSDrfd      14   900   700    +725.5  1.53  +780.3  69.2%   0.13   0.9  0.574       
  129  NZDUSDrfd      14  1200   500    +752.5  1.46 +1033.1  69.2%   0.11   0.7  0.570       
  130  NZDUSDrfd      14   300   700    +770.2  1.35  +769.3  62.5%   0.12   1.0  0.558       
  131  AUDUSDrfd      28   700   700    +605.9  1.59  +609.2  75.0%   0.15   1.0  0.551       
  132  USDCHFrfd      28   900  1200    +751.2  1.34 +1159.8  66.7%   0.10   0.6  0.548       
  133  NZDUSDrfd      14   900   300    +655.6  1.47  +780.3  69.2%   0.12   0.8  0.541       
  134  USDCADrfd      14   300  1200    +843.7  1.28 +1079.2  40.0%   0.10   0.8  0.535       
  135  USDCADrfd      14   300   900    +837.7  1.27 +1079.2  40.0%   0.10   0.8  0.533       
  136  NZDUSDrfd      14   300   900    +712.0  1.32  +769.3  62.5%   0.11   0.9  0.532       
  137  USDCADrfd      14   900   300    +652.5  1.50  +655.5  59.1%   0.16   1.0  0.532       
  138  EURUSDrfd      28   700   300    +600.8  1.42  +607.6  76.5%   0.14   1.0  0.530       
  139  EURUSDrfd      28   700  1200    +619.3  1.44  +784.5  73.3%   0.12   0.8  0.528       
  140  AUDUSDrfd      28   700   500    +560.4  1.54  +609.2  75.0%   0.15   0.9  0.528       
  141  USDCHFrfd      28   700   700    +648.3  1.36  +776.9  66.7%   0.11   0.8  0.519       
  142  AUDUSDrfd      28   700   300    +541.8  1.53  +609.2  75.0%   0.15   0.9  0.518       
  143  AUDUSDrfd      14   900   300    +572.2  1.47  +610.9  69.6%   0.15   0.9  0.514       
  144  EURUSDrfd      21  1100   900    +562.9  1.45  +608.4  73.3%   0.13   0.9  0.514       
  145  USDCADrfd      14   300  1100    +783.2  1.26 +1079.2  40.0%   0.09   0.7  0.510       
  146  EURUSDrfd      28   900  1200    +564.6  1.41  +839.3  71.4%   0.11   0.7  0.500       
  147  EURUSDrfd      28   900   300    +546.0  1.40  +776.1  75.0%   0.13   0.7  0.499       
  148  USDCADrfd      28  1100   300    +559.3  1.37  +764.4  73.7%   0.11   0.7  0.498       
  149  EURUSDrfd      21  1100   300    +526.7  1.40  +664.0  76.5%   0.14   0.8  0.497       
  150  USDCHFrfd      28   700   300    +586.6  1.33  +860.3  68.8%   0.11   0.7  0.493       
  151  USDCADrfd      28   900   300    +547.8  1.40  +655.5  68.4%   0.13   0.8  0.493       
  152  EURUSDrfd      28   700  1100    +535.1  1.38  +784.5  73.3%   0.10   0.7  0.488       
  153  NZDUSDrfd      14  1100   700    +557.0  1.36  +948.8  69.2%   0.09   0.6  0.485       
  154  NZDUSDrfd      28   700   500    +539.3  1.34  +690.1  66.7%   0.11   0.8  0.477       
  155  NZDUSDrfd      21   700   500    +531.7  1.41  +731.4  61.1%   0.13   0.7  0.476       
  156  EURUSDrfd      28   500  1200    +517.4  1.34  +886.5  68.8%   0.10   0.6  0.468       
  157  USDCADrfd      28  1200   300    +496.3  1.35  +825.0  72.2%   0.11   0.6  0.468       
  158  EURUSDrfd      28   500   300    +498.8  1.33  +878.0  72.2%   0.12   0.6  0.466       
  159  AUDUSDrfd      28   700   900    +441.5  1.43  +609.2  75.0%   0.12   0.7  0.466       
  160  USDCADrfd      14  1100   300    +531.4  1.37  +776.5  59.1%   0.12   0.7  0.466       
  161  EURUSDrfd      28   900  1100    +480.3  1.35  +839.3  71.4%   0.10   0.6  0.460       
  162  NZDUSDrfd      14  1100   300    +487.1  1.31  +948.8  69.2%   0.08   0.5  0.453       
  163  NZDUSDrfd      21   700   300    +458.4  1.36  +674.1  63.2%   0.12   0.7  0.444       
  164  NZDUSDrfd      14  1200   700    +472.7  1.29 +1033.1  69.2%   0.07   0.5  0.443       
  165  USDCADrfd      14  1200   300    +470.9  1.32  +837.1  59.1%   0.10   0.6  0.434       
  166  EURUSDrfd      21  1100   700    +394.4  1.32  +608.4  73.3%   0.10   0.6  0.431       
  167  EURUSDrfd      28   500  1100    +433.1  1.29  +886.5  68.8%   0.09   0.5  0.429       
  168  USDCHFrfd      28   900   900    +442.5  1.20 +1159.8  66.7%   0.06   0.4  0.416       
  169  NZDUSDrfd      14  1200   300    +402.8  1.25 +1033.1  69.2%   0.06   0.4  0.412       
  170  AUDUSDrfd      14   500   300    +386.8  1.23  +567.9  68.0%   0.08   0.7  0.409       
  171  EURUSDrfd      28   700   900    +366.6  1.26  +784.5  73.3%   0.08   0.5  0.409       
  172  AUDUSDrfd      14   500   700    +358.1  1.22  +653.1  68.0%   0.07   0.5  0.394       
  173  USDJPYrfd      21  1100   500    +433.0  1.14 +1804.1  60.9%   0.06   0.2  0.394       
  174  NZDUSDrfd      14   300   300    +389.3  1.18  +699.4  62.5%   0.07   0.6  0.392       
  175  USDJPYrfd      28   500   300    +350.9  1.20 +1292.9  71.4%   0.09   0.3  0.390       
  176  NZDUSDrfd      21   900   500    +363.2  1.25  +900.0  61.1%   0.08   0.4  0.387       
  177  NZDUSDrfd      28   700   700    +347.2  1.22  +860.3  66.7%   0.08   0.4  0.386       
  178  USDCHFrfd      28   300   500    +444.6  1.14 +1763.8  52.2%   0.06   0.3  0.385       
  179  AUDUSDrfd      14   900   500    +308.4  1.25  +610.9  69.6%   0.09   0.5  0.383       
  180  USDCADrfd      14   300   700    +471.5  1.15 +1079.2  40.0%   0.06   0.4  0.381       
  181  EURUSDrfd      28   900   900    +311.8  1.23  +839.3  71.4%   0.07   0.4  0.381       
  182  AUDUSDrfd      28   500   500    +269.6  1.19  +479.5  72.2%   0.06   0.6  0.366       
  183  AUDUSDrfd      14   500   500    +291.6  1.18  +653.1  68.0%   0.06   0.4  0.363       
  184  USDCADrfd      21   300   300    +321.4  1.17 +1004.7  59.3%   0.07   0.3  0.358       
  185  NZDUSDrfd      21   700   700    +287.3  1.22  +731.4  61.1%   0.08   0.4  0.357       
  186  NZDUSDrfd      21   900   300    +289.9  1.20  +842.7  63.2%   0.07   0.3  0.356       
  187  AUDUSDrfd      28   500   300    +251.1  1.18  +648.0  72.2%   0.06   0.4  0.354       
  188  EURUSDrfd      28   700   500    +245.2  1.17  +784.5  75.0%   0.06   0.3  0.354       
  189  EURUSDrfd      28   500   900    +264.6  1.17  +886.5  68.8%   0.06   0.3  0.351       
  190  EURUSDrfd      21   500  1200    +279.8  1.15  +760.1  66.7%   0.05   0.4  0.351       
  191  EURUSDrfd      21  1100   500    +225.8  1.18  +608.4  73.3%   0.07   0.4  0.347       
  192  NZDUSDrfd      28   700   300    +254.5  1.16  +861.2  68.8%   0.06   0.3  0.346       
  193  AUDUSDrfd      14   700   700    +248.6  1.14  +864.6  66.7%   0.05   0.3  0.337       
  194  EURUSDrfd      28   700   700    +198.0  1.14  +784.5  73.3%   0.05   0.3  0.329       
  195  USDCHFrfd      28   900   700    +236.7  1.11 +1159.8  66.7%   0.04   0.2  0.327       
  196  EURUSDrfd      28   300  1200    +252.8  1.12  +811.5  60.0%   0.04   0.3  0.326       
  197  EURUSDrfd      28   900   500    +190.4  1.14  +839.3  73.3%   0.04   0.2  0.326       
  198  NZDUSDrfd      28   900   500    +202.2  1.10 +1027.2  66.7%   0.04   0.2  0.315       
  199  NZDUSDrfd      28   700   900    +192.1  1.12  +860.3  66.7%   0.04   0.2  0.314       
  200  EURUSDrfd      21   500  1100    +195.5  1.10  +760.1  66.7%   0.04   0.3  0.313       
  201  AUDUSDrfd      14   700   900    +190.4  1.10  +864.6  66.7%   0.04   0.2  0.311       
  202  NZDUSDrfd      21  1100   500    +194.7  1.12 +1068.5  61.1%   0.04   0.2  0.305       
  203  AUDUSDrfd      14   700   300    +175.3  1.10  +756.7  66.7%   0.03   0.2  0.305       
  204  USDJPYrfd       7   700   300    +188.0  1.05 +1310.8  68.3%   0.02   0.1  0.304       
  205  USDJPYrfd      21  1200   500    +215.7  1.07 +2021.4  60.9%   0.03   0.1  0.304       
  206  USDCHFrfd      28   900   300    +174.9  1.08 +1271.9  68.8%   0.03   0.1  0.303       
  207  EURUSDrfd      28   900   700    +143.3  1.10  +839.3  71.4%   0.03   0.2  0.300       
  208  USDCADrfd      28   300   300    +200.3  1.11 +1004.7  56.0%   0.05   0.2  0.299       
  209  EURUSDrfd      28   500   500    +143.3  1.09  +886.5  70.6%   0.03   0.2  0.298       
  210  USDJPYrfd      28   500   500    +191.2  1.07 +1563.5  57.1%   0.03   0.1  0.291       
  211  EURUSDrfd      28   300  1100    +168.5  1.08  +811.5  60.0%   0.03   0.2  0.289       
  212  USDJPYrfd      21   700   300    +141.8  1.06 +1058.2  67.9%   0.02   0.1  0.287       
  213  USDCADrfd      28   500   300    +145.3  1.08  +966.0  61.9%   0.03   0.2  0.284       
  214  USDJPYrfd      28   700   300     +95.6  1.05 +1689.5  75.0%   0.02   0.1  0.279       
  215  NZDUSDrfd      21  1100   300    +121.3  1.07 +1011.2  63.2%   0.02   0.1  0.275       
  216  EURUSDrfd      28   500   700     +96.1  1.06  +886.5  68.8%   0.02   0.1  0.273       
  217  NZDUSDrfd      21   900   700    +118.8  1.08  +900.0  61.1%   0.03   0.1  0.273       
  218  NZDUSDrfd      21  1200   500    +110.4  1.06 +1152.7  61.1%   0.02   0.1  0.266       
  219  USDJPYrfd      14   700   300     +83.7  1.03 +2027.9  71.0%   0.01   0.0  0.266       
  220  USDJPYrfd      28  1100   700    +120.1  1.04 +2791.7  60.0%   0.02   0.0  0.264       
  221  NZDUSDrfd      21   500   500    +123.0  1.06  +562.9  55.0%   0.02   0.2  0.264       
  222  USDJPYrfd       7  1100   300     +87.5  1.03 +1556.9  68.4%   0.01   0.1  0.263       
  223  AUDUSDrfd      14   700   500     +80.1  1.04  +864.6  66.7%   0.02   0.1  0.261       
  224  EURUSDrfd      21   700  1200     +44.7  1.02  +765.1  72.2%   0.01   0.1  0.253       
  225  NZDUSDrfd      28   500   700     +87.6  1.04  +966.5  58.8%   0.02   0.1  0.252       
  226  USDCHFrfd      28   500   500     +90.6  1.03 +1645.5  57.9%   0.01   0.1  0.249       
  227  EURUSDrfd      21   900  1200     +39.6  1.02  +776.1  68.8%   0.01   0.1  0.246       
  228  USDCADrfd      14   500   300     +86.6  1.04  +803.8  53.8%   0.02   0.1  0.244       
  229  USDCHFrfd      21   900   500     +40.1  1.01 +1474.7  65.2%   0.00   0.0  0.239       
  230  EURUSDrfd      21   500   900     +27.0  1.01  +760.1  66.7%   0.01   0.0  0.237       
  231  NZDUSDrfd      21  1200   300     +37.1  1.02 +1095.4  63.2%   0.01   0.0  0.236       
  232  USDCHFrfd      21  1100   500     +19.6  1.01 +1680.5  68.2%   0.00   0.0  0.235       
  233  NZDUSDrfd      28   900   700     +10.1  1.01 +1197.4  66.7%   0.00   0.0  0.229       
  234  EURUSDrfd      21   500   300      -9.3  1.00  +815.7  70.0%  -0.00  -0.0  0.226       
  235  EURUSDrfd      21   700  1100     -39.6  0.98  +765.1  72.2%  -0.01  -0.1  0.216       
  236  EURUSDrfd      28   300   900      +0.0  1.00  +811.5  60.0%   0.00   0.0  0.215       
  237  USDJPYrfd      14   900   300     -38.6  0.99 +2150.2  70.4%  -0.01  -0.0  0.215       
  238  AUDUSDrfd      28   500   700     -45.5  0.97  +671.6  72.2%  -0.01  -0.1  0.211       
  239  NZDUSDrfd      28   500   500     -10.1  1.00  +886.5  58.8%  -0.00  -0.0  0.209       
  240  EURUSDrfd      21   900  1100     -44.7  0.98  +776.1  68.8%  -0.01  -0.1  0.208       
  241  GBPUSDrfd      28   500   300      -1.7  1.00 +1304.4  55.0%  -0.00  -0.0  0.207       
  242  USDCHFrfd      28   300  1200     +13.4  1.00 +1763.8  50.0%   0.00   0.0  0.205       
  243  EURUSDrfd      14  1100   900      -4.2  1.00  +675.0  52.6%  -0.00  -0.0  0.202       
  244  EURUSDrfd      14  1100  1100     -17.7  0.99  +675.0  52.6%  -0.00  -0.0  0.196       
  245  EURUSDrfd      14  1100   700     -17.7  0.99  +675.0  52.6%  -0.00  -0.0  0.196       
  246  NZDUSDrfd      21   500   300     -34.5  0.98  +642.1  57.1%  -0.01  -0.1  0.195       
  247  USDCHFrfd      28   500  1200     -34.0  0.99 +1944.9  55.6%  -0.00  -0.0  0.194       
  248  NZDUSDrfd      21  1100   700     -49.7  0.97 +1068.5  61.1%  -0.01  -0.0  0.194       
  249  USDCHFrfd      21  1200   500     -83.4  0.97 +1783.4  68.2%  -0.01  -0.0  0.193       
  250  NZDUSDrfd      28   900   300     -82.6  0.96 +1198.2  68.8%  -0.02  -0.1  0.192       
  251  EURUSDrfd      28   300   500     -72.5  0.97  +811.5  59.1%  -0.01  -0.1  0.182       
  252  EURUSDrfd      14   500   900     -52.2  0.97  +826.6  52.4%  -0.01  -0.1  0.180       
  253  NZDUSDrfd      28   300   700     -54.8  0.98 +1277.5  52.4%  -0.01  -0.0  0.180       
  254  EURUSDrfd      21   300  1200     -71.6  0.97  +814.8  56.0%  -0.01  -0.1  0.178       
  255  GBPUSDrfd      28   900   300     -71.6  0.97 +1374.4  55.6%  -0.01  -0.1  0.177       
  256  USDJPYrfd      28  1200   700     -97.2  0.97 +3009.0  60.0%  -0.01  -0.0  0.176       
  257  USDJPYrfd       7  1200   300    -129.8  0.96 +1774.2  68.4%  -0.01  -0.1  0.175       
  258  EURUSDrfd      14   500  1100     -65.7  0.97  +826.6  52.4%  -0.01  -0.1  0.174       
  259  EURUSDrfd      14   500   700     -65.7  0.97  +826.6  52.4%  -0.01  -0.1  0.174       
  260  USDJPYrfd       7   500   300    -120.1  0.97 +1146.2  64.4%  -0.01  -0.1  0.173       
  261  USDJPYrfd       7   900   300    -129.8  0.96 +1165.8  65.8%  -0.02  -0.1  0.170       
  262  GBPUSDrfd      28  1100   300    -116.3  0.95 +1419.0  61.1%  -0.02  -0.1  0.167       
  263  NZDUSDrfd      28  1100   500    -134.8  0.94 +1364.3  66.7%  -0.02  -0.1  0.167       
  264  AUDUSDrfd      14   300   300    -115.4  0.95  +680.9  62.1%  -0.02  -0.2  0.167       
  265  USDCHFrfd      28   300  1100     -89.5  0.97 +1763.8  50.0%  -0.01  -0.1  0.163       
  266  NZDUSDrfd      28   500   900    -115.4  0.95  +966.5  58.8%  -0.02  -0.1  0.163       
  267  NZDUSDrfd      28   900   900    -144.9  0.92 +1197.4  66.7%  -0.03  -0.1  0.161       
  268  EURUSDrfd      21   500   700    -141.6  0.92  +760.1  66.7%  -0.03  -0.2  0.161       
  269  EURUSDrfd      14   700   900    -118.8  0.94  +828.3  57.1%  -0.02  -0.1  0.158       
  270  NZDUSDrfd      21  1200   700    -134.0  0.92 +1152.7  61.1%  -0.03  -0.1  0.156       
  271  AUDUSDrfd      14   300   700    -144.1  0.94  +787.0  62.1%  -0.03  -0.2  0.155       
  272  USDJPYrfd      28   700   500    -132.6  0.95 +2033.9  55.6%  -0.03  -0.1  0.153       
  273  USDCHFrfd      28   500  1100    -136.9  0.95 +1944.9  55.6%  -0.02  -0.1  0.152       
  274  EURUSDrfd      14   700  1100    -132.3  0.94  +828.3  57.1%  -0.02  -0.2  0.152       
  275  EURUSDrfd      14   700   700    -132.3  0.94  +828.3  57.1%  -0.02  -0.2  0.152       
  276  USDCADrfd      14   300   500     -85.3  0.97 +1079.2  40.0%  -0.01  -0.1  0.149       
  277  USDJPYrfd      28  1100   300    -230.3  0.89 +2015.4  77.8%  -0.04  -0.1  0.143       
  278  AUDUSDrfd      21   900   300     -99.4  0.90  +723.8  46.7%  -0.04  -0.1  0.143       
  279  EURUSDrfd      21   300  1100    -155.9  0.94  +814.8  56.0%  -0.02  -0.2  0.142       
  280  EURUSDrfd      21   700   900    -208.1  0.91  +765.1  72.2%  -0.04  -0.3  0.142       
  281  EURUSDrfd      28   300   700    -168.5  0.92  +811.5  60.0%  -0.03  -0.2  0.140       
  282  NZDUSDrfd      28   300   500    -152.5  0.93 +1114.8  52.4%  -0.03  -0.1  0.138       
  283  USDCHFrfd      21   700   500    -204.8  0.94 +1381.0  62.5%  -0.02  -0.1  0.136       
  284  USDJPYrfd      28   900   700    -170.6  0.95 +2577.1  52.9%  -0.03  -0.1  0.135       
  285  EURUSDrfd      28   300   300    -189.6  0.92  +811.5  60.9%  -0.04  -0.2  0.134       
  286  EURUSDrfd      21   900   900    -213.2  0.89  +776.1  68.8%  -0.04  -0.3  0.133       
  287  GBPUSDrfd      28  1200   300    -192.1  0.92 +1494.9  58.8%  -0.03  -0.1  0.131       
  288  EURUSDrfd      21   700   300    -244.4  0.89  +820.7  75.0%  -0.04  -0.3  0.130       
  289  USDJPYrfd      14   900   500    -211.3  0.94 +2317.5  58.3%  -0.03  -0.1  0.127       
  290  AUDUSDrfd      14   300   500    -210.7  0.91  +787.0  62.1%  -0.04  -0.3  0.125       
  291  USDJPYrfd       7   900   900    -189.0  0.94 +2108.9  50.0%  -0.02  -0.1  0.124       
  292  USDCHFrfd      14   900   500    -195.5  0.93 +1419.1  52.2%  -0.02  -0.1  0.123       
  293  EURUSDrfd      21   900   300    -249.4  0.88  +776.1  72.2%  -0.05  -0.3  0.122       
  294  NZDUSDrfd      21   500   700    -188.8  0.91  +562.9  55.0%  -0.04  -0.3  0.121       
  295  USDCHFrfd      14  1100   500    -216.1  0.93 +1624.9  54.5%  -0.03  -0.1  0.118       
  296  EURUSDrfd      14  1100   500    -197.2  0.89  +808.9  52.6%  -0.04  -0.2  0.115       
  297  EURUSDrfd      14   900   900    -237.6  0.89  +889.8  55.0%  -0.04  -0.3  0.103       
  298  AUDUSDrfd      21   500   300    -193.8  0.85 +1012.0  47.1%  -0.06  -0.2  0.103       
  299  USDJPYrfd      21   700   500    -254.2  0.93 +1762.8  50.0%  -0.03  -0.1  0.097       
  300  EURUSDrfd      14   900  1100    -251.1  0.88  +889.8  55.0%  -0.04  -0.3  0.097       
  301  EURUSDrfd      14   900   700    -251.1  0.88  +889.8  55.0%  -0.04  -0.3  0.097       
  302  EURUSDrfd      14   500   500    -245.2  0.87  +857.0  52.4%  -0.05  -0.3  0.094       
  303  NZDUSDrfd      28   300   900    -257.9  0.89 +1277.5  52.4%  -0.05  -0.2  0.093       
  304  USDJPYrfd      28   500   700    -267.3  0.92 +2239.2  47.6%  -0.04  -0.1  0.088       
  305  NZDUSDrfd      28   500   300    -294.9  0.86  +967.4  61.1%  -0.06  -0.3  0.087       
  306  NZDUSDrfd      28  1100   700    -326.9  0.86 +1534.5  66.7%  -0.05  -0.2  0.086       
  307  EURUSDrfd      21   500   500    -310.1  0.83  +760.1  66.7%  -0.07  -0.4  0.084       
  308  USDCHFrfd      21   500   500    -323.1  0.91 +1565.2  59.3%  -0.04  -0.2  0.084       
  309  USDCHFrfd      28   300   900    -295.3  0.90 +1763.8  50.0%  -0.04  -0.2  0.079       
  310  USDJPYrfd      14   900   700    -302.6  0.91 +2492.9  50.0%  -0.04  -0.1  0.078       
  311  AUDUSDrfd      21   700   700    -263.7  0.82 +1176.3  50.0%  -0.06  -0.2  0.078       
  312  USDCHFrfd      14  1200   500    -319.0  0.90 +1727.8  54.5%  -0.04  -0.2  0.077       
  313  USDJPYrfd      28  1200   300    -393.3  0.83 +2178.4  77.8%  -0.07  -0.2  0.076       
  314  EURUSDrfd      14   700   500    -311.8  0.85  +923.5  57.1%  -0.06  -0.3  0.073       
  315  EURUSDrfd      21   300   900    -324.4  0.88  +814.8  56.0%  -0.05  -0.4  0.070       
  316  USDCHFrfd      28   500   900    -342.7  0.89 +1944.9  55.6%  -0.05  -0.2  0.068       
  317  AUDUSDrfd      21   500   500    -268.0  0.80 +1012.0  47.1%  -0.08  -0.3  0.067       
  318  EURUSDrfd      21   700   700    -376.7  0.83  +765.1  72.2%  -0.07  -0.5  0.067       
  319  USDJPYrfd      28   500  1100    -307.5  0.90 +2239.2  42.1%  -0.05  -0.1  0.063       
  320  USDJPYrfd      14   900  1100    -328.1  0.90 +2616.3  45.5%  -0.04  -0.1  0.062       
  321  USDJPYrfd      21   900   500    -362.9  0.90 +1595.0  53.8%  -0.04  -0.2  0.060       
  322  USDCHFrfd      14   300   500    -339.6  0.91 +1361.5  46.7%  -0.04  -0.2  0.058       
  323  EURUSDrfd      21   900   700    -381.7  0.81  +776.1  68.8%  -0.08  -0.5  0.057       
  324  USDJPYrfd      28   900   300    -447.6  0.82 +2232.7  75.0%  -0.08  -0.2  0.051       
  325  NZDUSDrfd      28  1100   300    -419.6  0.81 +1535.3  68.8%  -0.07  -0.3  0.049       
  326  USDCHFrfd      14   700   500    -374.6  0.90 +1396.4  50.0%  -0.04  -0.3  0.048       
  327  USDCHFrfd      21   700   900    -429.1  0.88 +1381.0  62.5%  -0.05  -0.3  0.044       
  328  USDJPYrfd      14  1100   300    -473.2  0.85 +2584.7  70.4%  -0.06  -0.2  0.039       
  329  USDCHFrfd      21   900   700    -450.7  0.84 +1474.7  65.2%  -0.06  -0.3  0.036       
  330  AUDUSDrfd      21   700   300    -358.1  0.76 +1176.3  50.0%  -0.10  -0.3  0.034       
  331  USDCHFrfd      21  1100   700    -471.3  0.83 +1680.5  68.2%  -0.06  -0.3  0.033       
  332  USDCHFrfd      14   300   900    -417.8  0.89 +1352.2  46.7%  -0.05  -0.3  0.026       
  333  USDCHFrfd      21   700   700    -489.8  0.86 +1381.0  62.5%  -0.06  -0.4  0.020       
  334  NZDUSDrfd      28  1100   900    -482.0  0.79 +1534.5  66.7%  -0.08  -0.3  0.019       
  335  EURUSDrfd      14   900   500    -430.6  0.80 +1042.4  55.0%  -0.08  -0.4  0.019       
  336  USDCHFrfd      14   900   300    -462.1  0.84 +1389.2  56.5%  -0.06  -0.3  0.019       
  337  USDJPYrfd      21   900   300    -510.1  0.84 +1601.5  67.9%  -0.07  -0.3  0.018       
  338  AUDUSDrfd      28   300   500    -447.4  0.82 +1001.1  56.5%  -0.09  -0.4  0.017       
  339  USDJPYrfd      28  1100   500    -493.8  0.83 +2791.7  62.5%  -0.08  -0.2  0.017       
  340  USDCHFrfd      14   700   900    -452.8  0.87 +1319.3  50.0%  -0.05  -0.3  0.016       
  341  AUDUSDrfd      21   900   500    -342.1  0.66  +723.8  46.7%  -0.15  -0.5  0.016       
  342  USDJPYrfd      14   900   900    -443.8  0.87 +2648.8  45.5%  -0.06  -0.2  0.015       
  343  USDCHFrfd      14  1100   300    -482.6  0.84 +1595.1  59.1%  -0.06  -0.3  0.015       
  344  USDCHFrfd      14   500   500    -469.3  0.88 +1491.1  50.0%  -0.05  -0.3  0.011       
  345  GBPUSDrfd      28   900   500    -447.4  0.79 +1205.8  50.0%  -0.08  -0.4  0.006       
  346  USDJPYrfd      21  1100   300    -548.1  0.81 +2144.7  68.0%  -0.08  -0.3  0.003       
  347  AUDUSDrfd      21   700   900    -428.1  0.71 +1176.3  50.0%  -0.11  -0.4  0.001       
  348  USDCHFrfd      14   300   700    -478.5  0.87 +1352.2  46.7%  -0.06  -0.4  0.001       
  349  AUDUSDrfd      21   700   500    -432.3  0.71 +1176.3  50.0%  -0.12  -0.4 -0.001       
  350  EURUSDrfd      21   300   300    -501.4  0.83  +857.8  57.1%  -0.08  -0.6 -0.001       
  351  EURUSDrfd      21   300   700    -493.0  0.82  +814.8  56.0%  -0.09  -0.6 -0.002       
  352  USDCHFrfd      28   300   700    -501.2  0.84 +1763.8  50.0%  -0.07  -0.3 -0.005       
  353  USDCHFrfd      21   500   900    -547.5  0.85 +1565.2  59.3%  -0.06  -0.3 -0.007       
  354  EURUSDrfd      21   700   500    -545.2  0.75  +765.1  72.2%  -0.10  -0.7 -0.008       
  355  USDCHFrfd      21  1200   700    -574.2  0.80 +1783.4  68.2%  -0.07  -0.3 -0.008       
  356  USDCHFrfd      14   700   700    -513.5  0.86 +1337.8  50.0%  -0.06  -0.4 -0.008       
  357  AUDUSDrfd      28   300   300    -511.5  0.79 +1061.7  56.5%  -0.10  -0.5 -0.010       
  358  USDCHFrfd      21   900   300    -560.8  0.80 +1403.6  65.2%  -0.07  -0.4 -0.010       
  359  GBPUSDrfd      28   500   500    -491.3  0.79 +1249.6  50.0%  -0.10  -0.4 -0.011       
  360  USDJPYrfd       7   900   500    -537.8  0.85 +1845.9  53.1%  -0.07  -0.3 -0.012       
  361  USDCHFrfd      21  1100   300    -581.4  0.79 +1609.5  68.2%  -0.07  -0.4 -0.013       
  362  USDCHFrfd      28   500   700    -548.5  0.82 +1944.9  55.6%  -0.08  -0.3 -0.016       
  363  EURUSDrfd      21   900   500    -550.3  0.73  +776.1  68.8%  -0.12  -0.7 -0.018       
  364  USDJPYrfd       7   300   300    -555.7  0.86 +1529.2  53.1%  -0.07  -0.4 -0.019       
  365  EURUSDrfd      21   300   500    -535.9  0.82  +811.5  55.6%  -0.09  -0.7 -0.019       
  366  USDCHFrfd      14   900   700    -540.3  0.82 +1419.1  52.2%  -0.07  -0.4 -0.020       
  367  USDCHFrfd      14   500   900    -547.5  0.86 +1486.0  50.0%  -0.06  -0.4 -0.020       
  368  EURUSDrfd      14  1100   300    -498.0  0.73  +977.5  52.6%  -0.12  -0.5 -0.020       
  369  USDCHFrfd      14  1100   700    -560.8  0.81 +1624.9  54.5%  -0.07  -0.3 -0.023       
  370  AUDUSDrfd      21   500   700    -459.2  0.66 +1012.0  47.1%  -0.15  -0.5 -0.025       
  371  GBPUSDrfd      28   700   300    -550.3  0.79 +1853.0  52.6%  -0.10  -0.3 -0.026       
  372  USDCHFrfd      14  1200   300    -585.5  0.81 +1698.0  59.1%  -0.07  -0.3 -0.026       
  373  GBPUSDrfd      28   900   700    -534.2  0.73 +1037.3  53.3%  -0.10  -0.5 -0.031       
  374  USDCHFrfd      21   500   700    -608.2  0.83 +1565.2  59.3%  -0.07  -0.4 -0.031       
  375  USDJPYrfd      28   500  1200    -548.7  0.83 +2239.2  42.1%  -0.09  -0.2 -0.035       
  376  USDCHFrfd      28   500   300    -610.2  0.80 +2057.1  57.9%  -0.10  -0.3 -0.038       
  377  USDJPYrfd      28  1100  1100    -597.6  0.79 +2791.7  53.8%  -0.10  -0.2 -0.038       
  378  GBPUSDrfd      28  1200   500    -567.9  0.75 +1326.3  53.3%  -0.10  -0.4 -0.039       
  379  EURUSDrfd      14   500   300    -546.0  0.72 +1025.5  52.4%  -0.13  -0.5 -0.040       
  380  USDCHFrfd      14   500   700    -608.2  0.84 +1486.0  50.0%  -0.07  -0.4 -0.044       
  381  USDJPYrfd      14  1200   300    -690.5  0.80 +2802.0  70.4%  -0.09  -0.2 -0.046       
  382  GBPUSDrfd      28  1100   500    -605.9  0.75 +1364.3  56.2%  -0.10  -0.4 -0.048       
  383  GBPUSDrfd      28   500   700    -578.1  0.73 +1081.1  52.9%  -0.12  -0.5 -0.048       
  384  EURUSDrfd       7   900   500    -515.7  0.80  +979.2  29.4%  -0.08  -0.5 -0.051       
  385  USDCHFrfd      21  1200   300    -684.3  0.77 +1712.4  68.2%  -0.08  -0.4 -0.054       
  386  AUDUSDrfd      28   300   700    -619.3  0.75 +1049.9  56.5%  -0.13  -0.6 -0.057       
  387  EURUSDrfd      14   700   300    -612.6  0.71 +1092.1  57.1%  -0.12  -0.6 -0.058       
  388  USDCHFrfd      21   300   500    -673.0  0.84 +1819.4  54.5%  -0.07  -0.4 -0.060       
  389  USDJPYrfd      28   300   300    -603.0  0.76 +1189.7  48.1%  -0.14  -0.5 -0.061       
  390  USDJPYrfd       7  1200   900    -645.4  0.80 +2125.2  50.0%  -0.08  -0.3 -0.061       
  391  USDCHFrfd      14  1200   700    -663.7  0.78 +1727.8  54.5%  -0.08  -0.4 -0.064       
  392  USDJPYrfd      28  1200   500    -711.1  0.77 +3009.0  62.5%  -0.11  -0.2 -0.069       
  393  USDJPYrfd      21   500   300    -690.5  0.79 +1559.1  58.1%  -0.11  -0.4 -0.071       
  394  GBPUSDrfd      28  1200   700    -654.7  0.69 +1157.8  57.1%  -0.12  -0.6 -0.075       
  395  GBPUSDrfd      28   300   300    -667.4  0.79 +1189.8  50.0%  -0.11  -0.6 -0.076       
  396  USDJPYrfd      28   700   700    -675.8  0.80 +2430.5  44.4%  -0.11  -0.3 -0.081       
  397  USDJPYrfd      21  1200   300    -765.4  0.76 +2362.0  68.0%  -0.10  -0.3 -0.083       
  398  GBPUSDrfd      28  1100   700    -692.7  0.69 +1195.7  60.0%  -0.12  -0.6 -0.083       
  399  USDCHFrfd      28   300   300    -699.8  0.77 +1805.0  52.2%  -0.11  -0.4 -0.083       
  400  EURUSDrfd       7   900   700    -592.4  0.77  +958.9  29.4%  -0.09  -0.6 -0.084       
  401  USDJPYrfd      14  1100   500    -754.6  0.80 +2855.3  58.3%  -0.09  -0.3 -0.086       
  402  USDCADrfd       7   300   900    -709.4  0.83 +1657.2  44.2%  -0.07  -0.4 -0.090       
  403  USDCADrfd       7   900   900    -731.1  0.77 +1727.4  51.4%  -0.09  -0.4 -0.096       
  404  USDJPYrfd       7   900   700    -740.4  0.79 +2108.9  50.0%  -0.09  -0.4 -0.096       
  405  EURUSDrfd       7   500   500    -639.6  0.77 +1103.0  30.6%  -0.09  -0.6 -0.098       
  406  NZDUSDrfd      28   300   300    -712.0  0.73 +1278.3  52.2%  -0.14  -0.6 -0.098       
  407  NZDUSDrfd      21   300   500    -708.7  0.76 +1116.5  48.1%  -0.12  -0.6 -0.099       
  408  GBPUSDrfd      28   900   900    -697.7  0.65 +1200.8  53.3%  -0.14  -0.6 -0.102       
  409  USDCADrfd       7   500   900    -754.7  0.81 +1649.3  46.5%  -0.08  -0.5 -0.107       
  410  USDJPYrfd      28   900   500    -784.4  0.75 +2577.1  55.6%  -0.13  -0.3 -0.109       
  411  EURUSDrfd      14   900   300    -731.4  0.66 +1210.9  55.0%  -0.15  -0.6 -0.111       
  412  USDJPYrfd      28   500   900    -742.1  0.77 +2239.2  42.1%  -0.13  -0.3 -0.114       
  413  GBPUSDrfd      28   500   900    -741.5  0.65 +1244.6  52.9%  -0.17  -0.6 -0.119       
  414  NZDUSDrfd      21   300   700    -766.0  0.74 +1221.8  48.1%  -0.12  -0.6 -0.122       
  415  USDJPYrfd      28  1200  1100    -814.9  0.74 +3009.0  53.8%  -0.13  -0.3 -0.124       
  416  USDCHFrfd      14   300   300    -811.9  0.78 +1422.2  50.0%  -0.11  -0.6 -0.129       
  417  EURUSDrfd       7   500   700    -716.3  0.74 +1082.8  30.6%  -0.10  -0.7 -0.130       
  418  EURUSDrfd       7   700   500    -742.4  0.76 +1205.8  33.3%  -0.09  -0.6 -0.132       
  419  USDJPYrfd      14  1100   700    -845.8  0.78 +2927.5  50.0%  -0.10  -0.3 -0.135       
  420  USDJPYrfd      14   700   500    -872.4  0.80 +2294.1  55.2%  -0.10  -0.4 -0.136       
  421  USDCADrfd       7  1200   900    -827.4  0.74 +1774.0  50.0%  -0.10  -0.5 -0.136       
  422  USDCHFrfd      14   700   300    -846.9  0.76 +1457.2  54.2%  -0.11  -0.6 -0.137       
  423  USDJPYrfd       7   500   900    -845.8  0.81 +1612.9  48.6%  -0.09  -0.5 -0.137       
  424  USDJPYrfd      28   300   500    -775.7  0.75 +1873.1  37.0%  -0.14  -0.4 -0.138       
  425  GBPUSDrfd      28  1200   900    -818.2  0.61 +1321.3  57.1%  -0.16  -0.6 -0.145       
  426  USDCHFrfd      21   300   900    -897.3  0.78 +1778.2  54.5%  -0.10  -0.5 -0.149       
  427  USDJPYrfd      14  1100  1100    -871.4  0.78 +3083.4  45.5%  -0.10  -0.3 -0.150       
  428  GBPUSDrfd      28  1100   900    -856.1  0.62 +1359.2  60.0%  -0.15  -0.6 -0.152       
  429  EURUSDrfd      14   300   500    -878.0  0.76 +1569.0  50.0%  -0.12  -0.6 -0.155       
  430  NZDUSDrfd      21   300   900    -847.7  0.72 +1221.8  48.1%  -0.14  -0.7 -0.156       
  431  EURUSDrfd      14   300   900    -878.0  0.76 +1326.3  50.0%  -0.11  -0.7 -0.157       
  432  USDJPYrfd       7   500   500    -904.5  0.79 +1629.7  51.3%  -0.10  -0.6 -0.158       
  433  USDCADrfd       7   900  1100    -887.3  0.72 +1727.4  51.4%  -0.11  -0.5 -0.159       
  434  NZDUSDrfd      21   300   300    -866.2  0.71 +1380.3  50.0%  -0.15  -0.6 -0.160       
  435  EURUSDrfd      14   300   700    -891.5  0.75 +1460.3  50.0%  -0.12  -0.6 -0.161       
  436  EURUSDrfd      14   300  1100    -891.5  0.75 +1326.3  50.0%  -0.11  -0.7 -0.162       
  437  EURUSDrfd       7   700   700    -819.1  0.73 +1185.6  33.3%  -0.11  -0.7 -0.164       
  438  USDJPYrfd      28   900  1100    -888.2  0.72 +2577.1  46.7%  -0.14  -0.3 -0.165       
  439  USDCADrfd       7   300  1100    -909.7  0.78 +1717.1  44.2%  -0.10  -0.5 -0.170       
  440  USDJPYrfd       7  1200   500    -939.8  0.74 +2244.1  53.3%  -0.11  -0.4 -0.170       
  441  USDJPYrfd      28  1100   900    -923.5  0.68 +2791.7  53.8%  -0.17  -0.3 -0.172       
  442  USDCHFrfd      21   300   700    -958.1  0.77 +1838.9  54.5%  -0.11  -0.5 -0.173       
  443  USDCHFrfd      14   500   300    -941.6  0.75 +1551.8  53.8%  -0.12  -0.6 -0.173       
  444  USDCADrfd       7   500  1100    -955.1  0.75 +1756.4  46.5%  -0.10  -0.5 -0.186       
  445  EURUSDrfd       7   300   500    -891.5  0.76 +1213.4  33.3%  -0.10  -0.7 -0.187       
  446  USDCHFrfd      21   700   300   -1011.6  0.71 +1746.3  62.5%  -0.13  -0.6 -0.190       
  447  USDJPYrfd      14  1200   500   -1026.2  0.75 +3126.9  58.3%  -0.12  -0.3 -0.191       
  448  GBPUSDrfd      28   700   500    -926.1  0.65 +1684.5  47.1%  -0.17  -0.5 -0.192       
  449  USDCADrfd       7   900   700    -973.2  0.69 +1740.1  51.4%  -0.13  -0.6 -0.195       
  450  USDJPYrfd      14  1100   900    -987.1  0.75 +3192.1  45.5%  -0.12  -0.3 -0.196       
  451  USDJPYrfd       7  1200  1100    -979.5  0.69 +2016.5  50.0%  -0.13  -0.5 -0.197       
  452  USDCADrfd       7  1200  1100    -983.5  0.69 +1784.9  50.0%  -0.12  -0.6 -0.200       
  453  USDJPYrfd       7   900  1100    -995.8  0.69 +2108.9  48.1%  -0.14  -0.5 -0.206       
  454  USDCADrfd      14   300   300    -937.5  0.69 +1043.5  40.0%  -0.17  -0.9 -0.208       
  455  AUDUSDrfd      21   300   500    -958.1  0.62 +1253.9  40.9%  -0.20  -0.8 -0.222       
  456  USDJPYrfd      21  1100   700   -1017.5  0.70 +2741.7  40.0%  -0.14  -0.4 -0.223       
  457  USDJPYrfd      21  1100  1100   -1026.7  0.70 +2539.7  42.1%  -0.14  -0.4 -0.224       
  458  USDJPYrfd       7   700   500   -1094.1  0.75 +1998.6  52.8%  -0.12  -0.5 -0.227       
  459  AUDUSDrfd      21   300   300    -974.1  0.61 +1344.0  40.9%  -0.21  -0.7 -0.228       
  460  GBPUSDrfd      28   700   700   -1012.9  0.59 +1515.9  50.0%  -0.20  -0.7 -0.229       
  461  USDCHFrfd       7   500   300   -1077.4  0.72 +1792.6  50.0%  -0.12  -0.6 -0.230       
  462  USDJPYrfd       7   500  1200   -1089.7  0.75 +1987.2  47.2%  -0.11  -0.5 -0.234       
  463  USDCADrfd       7   300   700   -1072.5  0.74 +1845.4  44.2%  -0.12  -0.6 -0.234       
  464  USDCADrfd       7  1200   700   -1069.5  0.67 +1836.3  50.0%  -0.13  -0.6 -0.234       
  465  GBPUSDrfd      28   300   500   -1055.8  0.70 +1455.3  44.0%  -0.16  -0.7 -0.239       
  466  USDJPYrfd      14  1200   700   -1117.4  0.73 +3144.8  50.0%  -0.13  -0.4 -0.239       
  467  USDJPYrfd      21  1100   900   -1063.7  0.69 +2648.3  42.1%  -0.15  -0.4 -0.239       
  468  USDJPYrfd       7  1100   900   -1096.3  0.70 +2576.1  48.1%  -0.13  -0.4 -0.239       
  469  USDCHFrfd      21   500   300   -1129.9  0.69 +1864.7  59.3%  -0.14  -0.6 -0.240       
  470  USDJPYrfd      21   700  1200   -1057.1  0.70 +1947.5  36.4%  -0.14  -0.5 -0.245       
  471  USDJPYrfd      14   700   700   -1133.2  0.74 +2639.1  48.1%  -0.14  -0.4 -0.248       
  472  USDCADrfd       7   500   700   -1117.9  0.71 +1884.8  46.5%  -0.13  -0.6 -0.251       
  473  EURUSDrfd       7   900   300    -992.6  0.62 +1316.2  29.4%  -0.19  -0.8 -0.251       
  474  USDCADrfd       7  1100  1100   -1129.4  0.67 +1930.8  51.4%  -0.13  -0.6 -0.253       
  475  USDJPYrfd      14  1200  1100   -1143.0  0.73 +3355.1  45.5%  -0.13  -0.3 -0.254       
  476  USDJPYrfd      21   300   300   -1087.6  0.67 +1580.8  42.9%  -0.20  -0.7 -0.256       
  477  USDJPYrfd      28  1200   900   -1140.8  0.63 +3009.0  53.8%  -0.20  -0.4 -0.257       
  478  USDCADrfd       7   900   500   -1128.8  0.64 +1789.7  51.4%  -0.15  -0.6 -0.258       
  479  USDJPYrfd      14   700  1100   -1158.7  0.74 +2762.4  44.4%  -0.13  -0.4 -0.262       
  480  GBPUSDrfd      28   300   700   -1124.9  0.67 +1341.5  45.8%  -0.18  -0.8 -0.268       
  481  GBPUSDrfd       7   900   500   -1144.3  0.65 +2512.8  42.1%  -0.14  -0.5 -0.272       
  482  USDJPYrfd      28   700  1100   -1130.5  0.66 +2430.5  37.5%  -0.19  -0.5 -0.275       
  483  USDCHFrfd       7   700   300   -1170.0  0.68 +1885.2  45.7%  -0.14  -0.6 -0.276       
  484  USDJPYrfd      28   700  1200   -1148.4  0.66 +2430.5  37.5%  -0.19  -0.5 -0.283       
  485  USDJPYrfd      21   500   500   -1205.5  0.72 +2100.7  45.2%  -0.15  -0.6 -0.283       
  486  USDCADrfd       7  1100   700   -1215.3  0.64 +1982.2  51.4%  -0.15  -0.6 -0.287       
  487  USDJPYrfd      21  1200   700   -1198.4  0.67 +2922.6  40.0%  -0.16  -0.4 -0.292       
  488  GBPUSDrfd       7  1100   500   -1204.1  0.64 +2572.6  43.2%  -0.14  -0.5 -0.293       
  489  GBPUSDrfd       7   900   700   -1197.4  0.64 +2512.8  42.1%  -0.14  -0.5 -0.293       
  490  USDJPYrfd       7   700   900   -1252.7  0.72 +2224.6  48.5%  -0.13  -0.6 -0.293       
  491  USDJPYrfd      21  1200  1100   -1207.6  0.66 +2720.6  42.1%  -0.16  -0.4 -0.293       
  492  EURUSDrfd       7   300   700   -1161.2  0.69 +1294.3  33.3%  -0.14  -0.9 -0.295       
  493  EURUSDrfd       7   500   300   -1116.5  0.60 +1440.1  30.6%  -0.19  -0.8 -0.295       
  494  GBPUSDrfd      28   700   900   -1176.3  0.52 +1679.4  50.0%  -0.24  -0.7 -0.297       
  495  USDJPYrfd      28   900   900   -1214.1  0.62 +2577.1  46.7%  -0.21  -0.5 -0.297       
  496  USDCADrfd       7  1200   500   -1225.0  0.62 +1886.0  50.0%  -0.16  -0.6 -0.298       
  497  USDJPYrfd       7   500  1100   -1252.7  0.71 +2041.5  47.2%  -0.14  -0.6 -0.298       
  498  USDJPYrfd       7  1200   700   -1251.1  0.66 +2233.8  50.0%  -0.15  -0.6 -0.298       
  499  USDCADrfd       7   700   900   -1276.5  0.71 +2170.4  51.2%  -0.12  -0.6 -0.299       
  500  USDJPYrfd      14  1200   900   -1258.7  0.70 +3463.7  45.5%  -0.14  -0.4 -0.299       
  501  USDJPYrfd       7   300   500   -1226.1  0.69 +1913.3  41.9%  -0.17  -0.6 -0.301       
  502  AUDUSDrfd      21   300   700   -1146.8  0.54 +1376.9  40.9%  -0.26  -0.8 -0.301       
  503  USDJPYrfd      14   700   900   -1274.4  0.71 +2762.4  44.4%  -0.15  -0.5 -0.307       
  504  USDJPYrfd      21  1200   900   -1244.6  0.65 +2829.2  42.1%  -0.17  -0.4 -0.308       
  505  USDJPYrfd      21   700   700   -1210.9  0.67 +2142.0  34.8%  -0.18  -0.6 -0.308       
  506  USDCHFrfd       7   500   500   -1264.7  0.68 +1687.7  47.4%  -0.14  -0.7 -0.309       
  507  USDJPYrfd      21   700  1100   -1220.1  0.66 +1947.5  36.4%  -0.17  -0.6 -0.311       
  508  GBPUSDrfd       7  1100   700   -1257.2  0.62 +2572.6  43.2%  -0.14  -0.5 -0.314       
  509  USDJPYrfd      14   700  1200   -1317.9  0.70 +2762.4  44.4%  -0.15  -0.5 -0.324       
  510  USDJPYrfd       7  1100   500   -1336.4  0.67 +2640.7  51.6%  -0.15  -0.5 -0.324       
  511  GBPUSDrfd       7  1200   500   -1288.4  0.62 +2656.9  43.2%  -0.14  -0.5 -0.325       
  512  USDJPYrfd      21   700   900   -1257.1  0.65 +2048.6  36.4%  -0.18  -0.6 -0.326       
  513  EURUSDrfd       7   700   300   -1219.3  0.60 +1542.9  33.3%  -0.18  -0.8 -0.326       
  514  GBPUSDrfd       7   900   900   -1281.7  0.61 +2512.8  42.1%  -0.16  -0.5 -0.327       
  515  USDJPYrfd      28   300   700   -1234.2  0.64 +2331.6  29.6%  -0.21  -0.5 -0.329       
  516  USDCADrfd       7   300   500   -1321.9  0.68 +1988.9  44.2%  -0.16  -0.7 -0.332       
  517  GBPUSDrfd      28   300   900   -1288.4  0.62 +1505.0  45.8%  -0.22  -0.9 -0.333       
  518  USDJPYrfd      21   900   700   -1308.1  0.65 +2527.2  36.4%  -0.18  -0.5 -0.342       
  519  USDJPYrfd      21   900  1100   -1317.4  0.64 +2325.1  38.1%  -0.18  -0.6 -0.344       
  520  GBPUSDrfd       7  1200   700   -1341.5  0.61 +2656.9  43.2%  -0.15  -0.5 -0.346       
  521  AUDUSDrfd       7   500   500   -1312.0  0.50 +1531.1  53.3%  -0.24  -0.9 -0.347       
  522  GBPUSDrfd       7  1100   900   -1341.5  0.60 +2572.6  43.2%  -0.16  -0.5 -0.348       
  523  USDCADrfd       7   500   500   -1367.3  0.65 +2028.2  46.5%  -0.16  -0.7 -0.349       
  524  USDCADrfd       7  1100   500   -1370.9  0.60 +2031.8  51.4%  -0.17  -0.7 -0.350       
  525  USDJPYrfd       7   500   700   -1389.1  0.68 +1743.3  48.6%  -0.16  -0.8 -0.352       
  526  USDJPYrfd      14   300   300   -1359.7  0.64 +2004.6  44.7%  -0.22  -0.7 -0.354       
  527  USDCHFrfd       7   900   300   -1375.9  0.64 +2091.1  45.7%  -0.15  -0.7 -0.354       
  528  USDJPYrfd      21   900   900   -1354.3  0.63 +2433.7  38.1%  -0.19  -0.6 -0.358       
  529  USDJPYrfd       7   700   700   -1432.0  0.68 +2224.6  50.0%  -0.16  -0.6 -0.362       
  530  AUDUSDrfd       7   500   300   -1354.1  0.48 +1627.2  53.3%  -0.26  -0.8 -0.363       
  531  USDJPYrfd      28   300  1100   -1310.3  0.62 +2157.8  24.0%  -0.21  -0.6 -0.368       
  532  USDJPYrfd       7  1100  1100   -1430.4  0.61 +2467.4  48.1%  -0.18  -0.6 -0.373       
  533  USDCADrfd       7   700  1100   -1476.8  0.67 +2284.2  51.2%  -0.14  -0.6 -0.377       
  534  USDCHFrfd      21   300   300   -1479.8  0.64 +2214.5  54.5%  -0.19  -0.7 -0.378       
  535  GBPUSDrfd       7  1200   900   -1425.8  0.58 +2656.9  43.2%  -0.16  -0.5 -0.380       
  536  USDJPYrfd       7   700  1200   -1496.6  0.67 +2573.3  46.9%  -0.15  -0.6 -0.389       
  537  EURUSDrfd      14   300   300   -1466.2  0.59 +1764.5  51.5%  -0.23  -0.8 -0.390       
  538  AUDUSDrfd       7   900   500   -1435.0  0.45 +1654.1  51.9%  -0.28  -0.9 -0.400       
  539  USDJPYrfd      28   700   900   -1456.4  0.56 +2430.5  37.5%  -0.27  -0.6 -0.408       
  540  USDJPYrfd      28   300  1200   -1424.9  0.58 +2337.6  24.0%  -0.23  -0.6 -0.414       
  541  USDCHFrfd       7   500   700   -1538.5  0.61 +1961.4  47.4%  -0.18  -0.8 -0.416       
  542  AUDUSDrfd       7   900   300   -1477.2  0.43 +1750.2  51.9%  -0.30  -0.8 -0.417       
  543  EURUSDrfd       7   300   300   -1467.1  0.61 +1416.5  33.3%  -0.20  -1.0 -0.418       
  544  USDCADrfd       7   900   300   -1527.1  0.52 +1945.9  51.4%  -0.22  -0.8 -0.420       
  545  GBPUSDrfd       7   700   500   -1554.7  0.59 +2923.2  43.6%  -0.18  -0.5 -0.425       
  546  USDCHFrfd       7  1100   300   -1581.7  0.61 +2296.9  45.7%  -0.16  -0.7 -0.431       
  547  USDCHFrfd       7   700   500   -1563.1  0.57 +1986.1  42.9%  -0.19  -0.8 -0.437       
  548  USDCADrfd       7   700   700   -1639.6  0.63 +2412.5  51.2%  -0.16  -0.7 -0.440       
  549  NZDUSDrfd       7   700   700   -1651.6  0.58 +2900.4  54.8%  -0.18  -0.6 -0.444       
  550  NZDUSDrfd       7   700   500   -1652.4  0.58 +2900.4  54.8%  -0.18  -0.6 -0.445       
  551  GBPUSDrfd       7   700   700   -1607.8  0.57 +2923.2  43.6%  -0.18  -0.6 -0.446       
  552  USDJPYrfd       7  1100   700   -1647.7  0.60 +2684.7  48.3%  -0.19  -0.6 -0.451       
  553  USDJPYrfd       7   700  1100   -1659.6  0.63 +2627.7  46.9%  -0.18  -0.6 -0.453       
  554  USDCADrfd       7  1200   300   -1623.3  0.49 +2042.1  50.0%  -0.23  -0.8 -0.459       
  555  USDJPYrfd      14   900  1200   -1628.1  0.58 +2616.3  40.9%  -0.22  -0.6 -0.459       
  556  USDJPYrfd      21   300   500   -1596.6  0.60 +2377.8  31.4%  -0.25  -0.7 -0.462       
  557  AUDUSDrfd       7   700   500   -1621.3  0.44 +1840.3  51.7%  -0.27  -0.9 -0.466       
  558  GBPUSDrfd       7   900   300   -1629.7  0.50 +2512.8  42.1%  -0.22  -0.6 -0.468       
  559  USDCHFrfd       7  1200   300   -1684.6  0.59 +2399.8  45.7%  -0.17  -0.7 -0.469       
  560  GBPUSDrfd       7   700   900   -1692.0  0.55 +2923.2  43.6%  -0.20  -0.6 -0.480       
  561  AUDUSDrfd       7   700   300   -1663.4  0.43 +1936.4  51.7%  -0.28  -0.9 -0.482       
  562  GBPUSDrfd       7  1100   300   -1689.5  0.49 +2572.6  43.2%  -0.21  -0.7 -0.488       
  563  GBPUSDrfd      14  1200   300   -1732.5  0.47 +2360.3  52.4%  -0.26  -0.7 -0.497       
  564  USDJPYrfd      28   300   900   -1636.2  0.52 +2222.9  24.0%  -0.30  -0.7 -0.501       
  565  NZDUSDrfd       7   300   700   -1800.7  0.58 +3098.4  52.0%  -0.21  -0.6 -0.502       
  566  NZDUSDrfd       7   300   500   -1801.6  0.58 +3098.4  52.0%  -0.21  -0.6 -0.502       
  567  USDCADrfd       7  1100   300   -1769.2  0.48 +2188.0  51.4%  -0.24  -0.8 -0.510       
  568  USDCHFrfd       7   900   500   -1769.0  0.54 +2191.9  42.9%  -0.20  -0.8 -0.514       
  569  USDCHFrfd       7   700   700   -1769.0  0.51 +2191.9  42.9%  -0.23  -0.8 -0.519       
  570  NZDUSDrfd       7   500   700   -1826.9  0.53 +3075.7  51.2%  -0.22  -0.6 -0.519       
  571  NZDUSDrfd       7   500   500   -1827.7  0.53 +3075.7  51.2%  -0.22  -0.6 -0.519       
  572  GBPUSDrfd       7  1200   300   -1773.8  0.48 +2656.9  43.2%  -0.21  -0.7 -0.520       
  573  USDJPYrfd       7   300   900   -1782.9  0.57 +2099.1  40.5%  -0.24  -0.8 -0.521       
  574  NZDUSDrfd       7  1200   700   -1823.5  0.50 +3072.3  51.3%  -0.23  -0.6 -0.522       
  575  NZDUSDrfd       7  1200   500   -1824.3  0.50 +3072.3  51.3%  -0.23  -0.6 -0.522       
  576  NZDUSDrfd       7   900   700   -1861.4  0.52 +3110.2  52.5%  -0.21  -0.6 -0.530       
  577  NZDUSDrfd       7   900   500   -1862.3  0.52 +3110.2  52.5%  -0.21  -0.6 -0.530       
  578  USDJPYrfd       7   300   700   -1813.3  0.56 +2020.9  40.5%  -0.26  -0.9 -0.535       
  579  USDCADrfd       7   700   500   -1889.0  0.57 +2556.0  51.2%  -0.20  -0.7 -0.537       
  580  NZDUSDrfd       7   700   300   -1891.7  0.51 +2875.1  54.8%  -0.22  -0.7 -0.540       
  581  GBPUSDrfd       7   500   500   -1868.2  0.56 +3236.6  41.9%  -0.20  -0.6 -0.543       
  582  GBPUSDrfd      14  1100   300   -1855.5  0.45 +2483.3  52.4%  -0.26  -0.7 -0.543       
  583  GBPUSDrfd       7   700   300   -1868.2  0.50 +2751.3  43.6%  -0.23  -0.7 -0.551       
  584  USDJPYrfd      28  1100  1200   -1865.0  0.47 +2791.7  46.2%  -0.33  -0.7 -0.555       
  585  USDJPYrfd       7   300  1200   -1880.2  0.54 +2359.3  40.5%  -0.26  -0.8 -0.558       
  586  USDJPYrfd      14   500   300   -1939.9  0.55 +2878.1  51.5%  -0.28  -0.7 -0.560       
  587  USDCHFrfd       7   300   500   -1936.7  0.63 +2459.5  42.2%  -0.18  -0.8 -0.561       
  588  GBPUSDrfd       7   500   700   -1921.2  0.55 +3236.6  41.9%  -0.21  -0.6 -0.563       
  589  USDJPYrfd       7   300  1100   -1934.5  0.53 +2359.3  40.5%  -0.27  -0.8 -0.580       
  590  USDCADrfd       7   300   300   -1971.9  0.53 +2396.8  44.2%  -0.27  -0.8 -0.588       
  591  USDCHFrfd       7  1100   500   -1974.8  0.51 +2397.7  42.9%  -0.21  -0.8 -0.590       
  592  NZDUSDrfd       7  1100   700   -2029.9  0.50 +3278.8  52.5%  -0.21  -0.6 -0.592       
  593  NZDUSDrfd       7  1100   500   -2030.8  0.50 +3278.8  52.5%  -0.21  -0.6 -0.592       
  594  USDCHFrfd       7   900   700   -1974.8  0.48 +2397.7  42.9%  -0.24  -0.8 -0.595       
  595  GBPUSDrfd       7   500   900   -2005.5  0.53 +3236.6  41.9%  -0.22  -0.6 -0.597       
  596  NZDUSDrfd       7   300   300   -2040.9  0.52 +3073.1  52.0%  -0.25  -0.7 -0.597       
  597  GBPUSDrfd      21   900   300   -1935.6  0.43 +2211.1  40.0%  -0.32  -0.9 -0.598       
  598  USDJPYrfd      21   500  1100   -1967.1  0.54 +3135.1  30.8%  -0.26  -0.6 -0.600       
  599  USDCADrfd       7   500   300   -2036.1  0.48 +2454.9  46.5%  -0.28  -0.8 -0.614       
  600  NZDUSDrfd       7   500   300   -2067.0  0.47 +3050.4  51.2%  -0.26  -0.7 -0.614       
  601  USDJPYrfd       7   900  1200   -2027.9  0.45 +2108.9  44.4%  -0.29  -1.0 -0.620       
  602  GBPUSDrfd       7   300   500   -2072.9  0.57 +2867.5  38.3%  -0.22  -0.7 -0.622       
  603  NZDUSDrfd       7   900   300   -2101.6  0.46 +3084.9  52.5%  -0.25  -0.7 -0.625       
  604  USDCHFrfd       7  1200   500   -2077.7  0.50 +2500.6  42.9%  -0.21  -0.8 -0.628       
  605  NZDUSDrfd       7  1200   300   -2088.9  0.43 +3072.3  51.3%  -0.28  -0.7 -0.628       
  606  GBPUSDrfd      21  1200   300   -2040.9  0.41 +2316.4  42.1%  -0.32  -0.9 -0.633       
  607  GBPUSDrfd      14   900   300   -2050.2  0.39 +2677.9  45.5%  -0.33  -0.8 -0.633       
  608  USDJPYrfd      28   900  1200   -2046.9  0.45 +2577.1  40.0%  -0.35  -0.8 -0.634       
  609  USDJPYrfd      21   500  1200   -2081.7  0.52 +3135.1  30.8%  -0.29  -0.7 -0.645       
  610  GBPUSDrfd      14  1200   500   -2110.0  0.37 +2849.0  50.0%  -0.32  -0.7 -0.648       
  611  USDCHFrfd       7   300   300   -2179.6  0.58 +2607.7  44.4%  -0.22  -0.8 -0.651       
  612  AUDUSDrfd       7   300   500   -2117.6  0.42 +2215.3  47.2%  -0.34  -1.0 -0.654       
  613  USDJPYrfd      28  1200  1200   -2136.6  0.44 +3009.0  46.2%  -0.36  -0.7 -0.656       
  614  AUDUSDrfd       7   300   300   -2125.2  0.42 +2276.8  47.2%  -0.35  -0.9 -0.656       
  615  USDJPYrfd      21  1100  1200   -2113.2  0.47 +2485.3  36.8%  -0.29  -0.9 -0.657       
  616  USDCHFrfd       7  1100   700   -2180.6  0.46 +2603.5  42.9%  -0.24  -0.8 -0.670       
  617  USDJPYrfd       7  1200  1200   -2174.6  0.44 +1962.2  46.2%  -0.28  -1.1 -0.673       
  618  GBPUSDrfd       7   500   300   -2199.3  0.48 +3082.4  41.9%  -0.26  -0.7 -0.674       
  619  NZDUSDrfd       7  1100   300   -2270.1  0.44 +3253.5  52.5%  -0.25  -0.7 -0.687       
  620  GBPUSDrfd      21  1100   300   -2190.9  0.40 +2466.4  42.1%  -0.33  -0.9 -0.688       
  621  GBPUSDrfd       7   300   700   -2251.6  0.53 +2824.6  38.3%  -0.25  -0.8 -0.692       
  622  GBPUSDrfd      14  1100   500   -2233.0  0.36 +2972.0  50.0%  -0.33  -0.8 -0.693       
  623  USDCHFrfd       7   300   700   -2293.8  0.56 +2733.2  42.2%  -0.23  -0.8 -0.698       
  624  USDJPYrfd      14  1100  1200   -2280.0  0.50 +3050.8  40.9%  -0.27  -0.7 -0.703       
  625  USDJPYrfd      21   500   700   -2242.0  0.51 +3026.4  32.1%  -0.31  -0.7 -0.703       
  626  GBPUSDrfd      14  1200   700   -2255.8  0.33 +2849.0  50.0%  -0.36  -0.8 -0.707       
  627  USDCHFrfd       7  1200   700   -2283.5  0.45 +2706.4  42.9%  -0.24  -0.8 -0.708       
  628  GBPUSDrfd      14   900   500   -2273.5  0.34 +3012.5  42.9%  -0.38  -0.8 -0.723       
  629  GBPUSDrfd       7   300   900   -2335.8  0.52 +2908.8  38.3%  -0.26  -0.8 -0.725       
  630  GBPUSDrfd      21   500   300   -2281.9  0.39 +2570.9  39.1%  -0.39  -0.9 -0.729       
  631  USDJPYrfd      21   500   900   -2293.0  0.47 +3135.1  30.8%  -0.34  -0.7 -0.730       
  632  USDJPYrfd      21   900  1200   -2295.2  0.45 +2270.8  33.3%  -0.32  -1.0 -0.733       
  633  USDJPYrfd      21  1200  1200   -2348.4  0.45 +2666.2  36.8%  -0.31  -0.9 -0.744       
  634  GBPUSDrfd      14  1100   700   -2378.8  0.32 +2972.0  50.0%  -0.36  -0.8 -0.752       
  635  GBPUSDrfd      14   500   300   -2394.8  0.39 +3036.1  46.2%  -0.37  -0.8 -0.755       
  636  GBPUSDrfd      14   700   300   -2452.1  0.39 +3093.4  52.0%  -0.34  -0.8 -0.764       
  637  USDJPYrfd      21   300  1100   -2334.3  0.42 +2779.8  20.0%  -0.38  -0.8 -0.770       
  638  GBPUSDrfd      21   900   700   -2362.8  0.32 +2580.2  35.3%  -0.42  -0.9 -0.774       
  639  GBPUSDrfd      14   900   700   -2419.2  0.30 +3012.5  42.9%  -0.41  -0.8 -0.782       
  640  GBPUSDrfd      21   900   500   -2385.5  0.31 +2748.7  35.3%  -0.44  -0.9 -0.782       
  641  USDJPYrfd      21   300   700   -2397.3  0.43 +2850.4  21.9%  -0.40  -0.8 -0.789       
  642  USDCADrfd       7   700   300   -2557.8  0.42 +2982.7  51.2%  -0.30  -0.9 -0.797       
  643  GBPUSDrfd      21  1200   700   -2468.1  0.31 +2685.5  37.5%  -0.42  -0.9 -0.809       
  644  USDJPYrfd      14   300   500   -2495.7  0.43 +3140.5  29.7%  -0.40  -0.8 -0.811       
  645  GBPUSDrfd      21  1200   500   -2490.9  0.30 +2854.1  37.5%  -0.43  -0.9 -0.817       
  646  USDJPYrfd       7  1100  1200   -2571.2  0.40 +2434.8  44.4%  -0.32  -1.1 -0.821       
  647  GBPUSDrfd      21   900   900   -2480.8  0.28 +2698.2  35.3%  -0.47  -0.9 -0.822       
  648  USDJPYrfd      14  1200  1200   -2605.9  0.47 +3300.7  40.9%  -0.30  -0.8 -0.823       
  649  USDJPYrfd      21   300  1200   -2503.3  0.38 +2959.6  20.0%  -0.43  -0.8 -0.837       
  650  GBPUSDrfd      21  1200   900   -2586.1  0.28 +2803.5  37.5%  -0.46  -0.9 -0.856       
  651  USDJPYrfd      21   300   900   -2551.6  0.37 +2845.0  20.0%  -0.46  -0.9 -0.858       
  652  GBPUSDrfd      21  1100   700   -2618.1  0.30 +2835.5  37.5%  -0.43  -0.9 -0.863       
  653  GBPUSDrfd      21  1100   500   -2640.9  0.29 +3004.0  37.5%  -0.44  -0.9 -0.872       
  654  GBPUSDrfd       7   300   300   -2726.8  0.43 +3258.5  38.3%  -0.34  -0.8 -0.876       
  655  GBPUSDrfd      21   700   300   -2718.4  0.36 +3007.4  43.5%  -0.39  -0.9 -0.878       
  656  GBPUSDrfd      21   500   700   -2709.1  0.29 +2940.0  35.0%  -0.50  -0.9 -0.903       
  657  GBPUSDrfd      14   500   500   -2772.3  0.31 +3524.8  44.0%  -0.45  -0.8 -0.904       
  658  GBPUSDrfd      21  1100   900   -2736.1  0.26 +2953.5  37.5%  -0.47  -0.9 -0.910       
  659  GBPUSDrfd      21   500   500   -2731.9  0.29 +3108.5  35.0%  -0.52  -0.9 -0.912       
  660  GBPUSDrfd      14   700   500   -2847.3  0.31 +3599.8  50.0%  -0.41  -0.8 -0.919       
  661  GBPUSDrfd      21   500   900   -2827.1  0.26 +3058.0  35.0%  -0.56  -0.9 -0.951       
  662  GBPUSDrfd      14   500   700   -2918.1  0.28 +3524.8  44.0%  -0.50  -0.8 -0.962       
  663  GBPUSDrfd      14   700   700   -2993.1  0.28 +3599.8  50.0%  -0.44  -0.8 -0.977       
  664  USDJPYrfd      14   300   900   -2998.7  0.34 +3292.0  25.0%  -0.48  -0.9 -1.012       
  665  USDJPYrfd      14   300   700   -3029.1  0.33 +3213.8  25.0%  -0.51  -0.9 -1.025       
  666  GBPUSDrfd      21   700   700   -3145.6  0.28 +3376.5  40.0%  -0.49  -0.9 -1.049       
  667  USDJPYrfd      14   500   500   -3201.9  0.39 +3738.0  36.4%  -0.43  -0.9 -1.056       
  668  GBPUSDrfd      21   700   500   -3168.4  0.27 +3545.0  40.0%  -0.50  -0.9 -1.058       
  669  GBPUSDrfd      21   300   300   -3152.4  0.30 +3098.4  31.0%  -0.56  -1.0 -1.068       
  670  USDJPYrfd      14   300  1200   -3154.6  0.31 +3610.9  25.0%  -0.52  -0.9 -1.072       
  671  USDJPYrfd      14   300  1100   -3208.9  0.29 +3610.9  25.0%  -0.55  -0.9 -1.094       
  672  GBPUSDrfd      21   700   900   -3263.6  0.25 +3494.5  40.0%  -0.53  -0.9 -1.096       
  673  GBPUSDrfd      14   300   300   -3271.2  0.29 +3730.4  38.7%  -0.56  -0.9 -1.096       
  674  USDJPYrfd      14   500  1200   -3456.6  0.35 +4152.0  29.0%  -0.44  -0.8 -1.161       
  675  USDJPYrfd      14   500   900   -3463.7  0.35 +3833.1  29.0%  -0.46  -0.9 -1.167       
  676  GBPUSDrfd      14   300   500   -3494.5  0.26 +4064.9  36.7%  -0.60  -0.9 -1.183       
  677  GBPUSDrfd      21   300   500   -3483.5  0.28 +3598.1  25.0%  -0.57  -1.0 -1.194       
  678  USDJPYrfd      14   500  1100   -3565.3  0.33 +4152.0  29.0%  -0.47  -0.9 -1.204       
  679  GBPUSDrfd      21   300   700   -3582.1  0.26 +3550.9  25.0%  -0.60  -1.0 -1.233       
  680  GBPUSDrfd      14   300   700   -3640.2  0.23 +4064.9  36.7%  -0.67  -0.9 -1.242       
  681  GBPUSDrfd      21   300   900   -3700.1  0.24 +3668.9  25.0%  -0.66  -1.0 -1.280       
  682  USDJPYrfd      14   500   700   -3789.7  0.29 +3941.8  29.0%  -0.56  -1.0 -1.294       
--------------------------------------------------------------------------------------------------------------
  Топ-5 активны на демо, лот=0.1 на каждую
==============================================================================================================